{
 "cells": [
  {
   "cell_type": "code",
   "execution_count": 4,
   "metadata": {},
   "outputs": [],
   "source": [
    "from tsunami_wave import wave_simulation"
   ]
  },
  {
   "cell_type": "code",
   "execution_count": 3,
   "metadata": {},
   "outputs": [],
   "source": [
    "import matplotlib.pyplot as plt\n",
    "import numpy as np\n",
    "import imageio"
   ]
  },
  {
   "cell_type": "code",
   "execution_count": 9,
   "metadata": {},
   "outputs": [
    {
     "data": {
      "text/plain": [
       "array([[2.        , 2.        , 2.        , 2.        , 2.        ,\n",
       "        2.        , 2.        , 2.        , 2.        , 2.        ,\n",
       "        2.        , 2.        , 2.        , 2.        , 2.        ,\n",
       "        2.        , 2.        , 2.        , 2.        , 2.        ,\n",
       "        2.        , 2.        , 2.        , 2.        , 2.        ,\n",
       "        2.        , 2.        , 2.        , 2.        , 2.        ,\n",
       "        2.        , 2.        , 2.        , 2.        , 2.        ,\n",
       "        2.        , 2.        , 2.        , 2.        , 2.        ,\n",
       "        2.        , 2.        , 2.        , 2.        , 2.        ,\n",
       "        2.        , 2.        , 2.        , 2.        , 2.        ,\n",
       "        2.        , 2.        , 2.        , 2.        , 2.        ,\n",
       "        2.        , 2.        , 2.        , 2.        , 2.        ,\n",
       "        2.        , 2.        , 2.        , 2.        , 2.        ,\n",
       "        2.        , 2.        , 2.        , 2.        , 2.        ,\n",
       "        2.        , 2.        , 2.        , 2.        , 2.        ,\n",
       "        2.        , 2.        , 2.        , 2.        , 2.        ,\n",
       "        2.        , 2.        , 2.        , 2.        , 2.        ,\n",
       "        2.        , 2.        , 2.        , 2.        , 2.        ,\n",
       "        2.        , 2.        , 2.        , 2.        , 2.        ,\n",
       "        2.        , 2.        , 2.        , 2.        , 2.        ,\n",
       "        2.        , 2.        , 2.        , 2.        , 2.        ,\n",
       "        2.        , 2.        , 2.        , 2.        , 2.        ,\n",
       "        2.        , 2.        , 2.        , 2.        , 2.        ,\n",
       "        2.        , 2.        , 2.        , 2.        , 2.        ,\n",
       "        2.        , 2.        , 2.        , 2.        , 2.        ,\n",
       "        2.        , 2.        , 2.        ],\n",
       "       [2.        , 2.00000263, 2.00000539, 2.00000839, 2.00001176,\n",
       "        2.00001561, 2.00002004, 2.00002516, 2.00003107, 2.00003783,\n",
       "        2.00004552, 2.00005418, 2.00006386, 2.00007457, 2.00008632,\n",
       "        2.00009909, 2.00011285, 2.00012757, 2.0001432 , 2.00015971,\n",
       "        2.00017705, 2.00019522, 2.00021419, 2.00023397, 2.00025455,\n",
       "        2.00027593, 2.00029806, 2.00032088, 2.00034427, 2.00036806,\n",
       "        2.00039203, 2.0004159 , 2.00043937, 2.00046206, 2.00048361,\n",
       "        2.0005036 , 2.00052161, 2.00053721, 2.00054997, 2.00055947,\n",
       "        2.00056526, 2.00056693, 2.00056408, 2.00055633, 2.00054331,\n",
       "        2.00052469, 2.0005002 , 2.0004696 , 2.00043271, 2.00038945,\n",
       "        2.00033982, 2.00029739, 2.00026144, 2.00023097, 2.00020513,\n",
       "        2.00018339, 2.00016539, 2.00015084, 2.00013939, 2.00013068,\n",
       "        2.00012435, 2.00012009, 2.00011765, 2.00011688, 2.00011772,\n",
       "        2.0001202 , 2.00012443, 2.00013063, 2.0001391 , 2.00015021,\n",
       "        2.00016435, 2.00018194, 2.00020332, 2.00022879, 2.0002587 ,\n",
       "        2.00029357, 2.00033431, 2.00038197, 2.00043724, 2.00048559,\n",
       "        2.00052703, 2.00056163, 2.00058959, 2.00061113, 2.00062655,\n",
       "        2.00063618, 2.00064041, 2.00063962, 2.00063425, 2.00062473,\n",
       "        2.00061151, 2.00059505, 2.00057581, 2.00055426, 2.00053085,\n",
       "        2.00050602, 2.0004802 , 2.00045379, 2.00042715, 2.00040057,\n",
       "        2.00037433, 2.00034862, 2.00032359, 2.00029932, 2.00027587,\n",
       "        2.00025326, 2.0002315 , 2.00021059, 2.00019057, 2.00017144,\n",
       "        2.00015326, 2.00013608, 2.00011995, 2.00010491, 2.00009102,\n",
       "        2.00007829, 2.00006673, 2.00005632, 2.00004703, 2.00003881,\n",
       "        2.00003159, 2.00002528, 2.00001977, 2.00001496, 2.00001071,\n",
       "        2.0000069 , 2.00000338, 2.        ],\n",
       "       [2.        , 2.00000539, 2.00001103, 2.00001716, 2.00002402,\n",
       "        2.00003185, 2.00004086, 2.00005125, 2.00006319, 2.00007685,\n",
       "        2.00009235, 2.0001098 , 2.00012927, 2.00015079, 2.00017436,\n",
       "        2.00019997, 2.00022758, 2.00025711, 2.00028851, 2.00032173,\n",
       "        2.00035673, 2.00039349, 2.000432  , 2.00047226, 2.00051426,\n",
       "        2.00055795, 2.0006032 , 2.00064984, 2.00069756, 2.000746  ,\n",
       "        2.00079469, 2.00084306, 2.00089049, 2.00093627, 2.00097967,\n",
       "        2.00101989, 2.00105613, 2.00108755, 2.00111329, 2.00113251,\n",
       "        2.00114436, 2.001148  , 2.00114261, 2.00112742, 2.00110168,\n",
       "        2.00106472, 2.00101595, 2.00095488, 2.00088112, 2.00079448,\n",
       "        2.0006949 , 2.00060942, 2.00053677, 2.00047524, 2.00042322,\n",
       "        2.00037952, 2.00034335, 2.00031405, 2.00029095, 2.00027334,\n",
       "        2.00026052, 2.00025189, 2.00024696, 2.00024543, 2.00024717,\n",
       "        2.00025223, 2.00026087, 2.0002735 , 2.00029071, 2.00031322,\n",
       "        2.00034181, 2.00037726, 2.00042026, 2.00047147, 2.00053169,\n",
       "        2.00060211, 2.00068441, 2.00078036, 2.00089113, 2.00098788,\n",
       "        2.00107065, 2.00113966, 2.00119529, 2.00123805, 2.00126855,\n",
       "        2.00128749, 2.00129563, 2.00129378, 2.0012828 , 2.00126356,\n",
       "        2.00123695, 2.00120388, 2.00116525, 2.00112196, 2.00107489,\n",
       "        2.00102489, 2.0009728 , 2.00091936, 2.00086531, 2.00081127,\n",
       "        2.00075778, 2.00070529, 2.00065414, 2.00060456, 2.00055672,\n",
       "        2.0005107 , 2.00046652, 2.00042422, 2.0003838 , 2.0003453 ,\n",
       "        2.00030877, 2.00027429, 2.00024194, 2.00021179, 2.00018392,\n",
       "        2.00015836, 2.00013512, 2.00011418, 2.00009546, 2.00007887,\n",
       "        2.00006427, 2.00005149, 2.00004032, 2.00003053, 2.00002188,\n",
       "        2.0000141 , 2.0000069 , 2.        ],\n",
       "       [2.        , 2.00000839, 2.00001716, 2.00002667, 2.0000373 ,\n",
       "        2.00004937, 2.00006322, 2.00007915, 2.0000974 , 2.00011822,\n",
       "        2.00014179, 2.00016826, 2.00019773, 2.00023025, 2.00026583,\n",
       "        2.00030447, 2.00034611, 2.00039072, 2.00043824, 2.00048868,\n",
       "        2.00054201, 2.00059827, 2.00065745, 2.00071957, 2.00078452,\n",
       "        2.00085217, 2.00092225, 2.00099435, 2.00106798, 2.00114251,\n",
       "        2.00121718, 2.00129115, 2.0013635 , 2.00143322, 2.00149924,\n",
       "        2.00156042, 2.00161558, 2.0016635 , 2.00170294, 2.00173263,\n",
       "        2.0017513 , 2.00175766, 2.00175048, 2.00172856, 2.00169075,\n",
       "        2.00163599, 2.00156333, 2.00147198, 2.00136131, 2.00123092,\n",
       "        2.00108067, 2.00095106, 2.00084044, 2.00074674, 2.00066778,\n",
       "        2.00060167, 2.00054698, 2.00050259, 2.00046746, 2.0004406 ,\n",
       "        2.000421  , 2.00040779, 2.00040028, 2.00039799, 2.00040075,\n",
       "        2.00040864, 2.00042202, 2.00044152, 2.000468  , 2.00050248,\n",
       "        2.00054609, 2.00059991, 2.00066502, 2.00074254, 2.00083394,\n",
       "        2.00094114, 2.00106639, 2.00121171, 2.00137856, 2.00152393,\n",
       "        2.00164795, 2.00175104, 2.00183385, 2.0018972 , 2.00194208,\n",
       "        2.00196956, 2.00198085, 2.00197718, 2.00195986, 2.0019302 ,\n",
       "        2.00188955, 2.00183925, 2.00178061, 2.00171495, 2.00164353,\n",
       "        2.00156759, 2.0014883 , 2.00140676, 2.00132403, 2.00124105,\n",
       "        2.00115867, 2.00107763, 2.00099853, 2.00092183, 2.00084789,\n",
       "        2.00077692, 2.00070903, 2.00064428, 2.00058267, 2.00052422,\n",
       "        2.00046893, 2.00041686, 2.00036806, 2.0003226 , 2.00028055,\n",
       "        2.00024195, 2.0002068 , 2.00017507, 2.00014665, 2.00012139,\n",
       "        2.00009911, 2.00007954, 2.00006239, 2.00004731, 2.00003395,\n",
       "        2.0000219 , 2.00001073, 2.        ],\n",
       "       [2.        , 2.00001176, 2.00002402, 2.0000373 , 2.00005206,\n",
       "        2.00006878, 2.00008786, 2.00010972, 2.00013468, 2.00016304,\n",
       "        2.00019505, 2.00023088, 2.00027067, 2.0003145 , 2.0003624 ,\n",
       "        2.0004144 , 2.00047048, 2.00053067, 2.00059502, 2.00066357,\n",
       "        2.00073641, 2.0008136 , 2.00089515, 2.00098097, 2.00107088,\n",
       "        2.00116452, 2.00126141, 2.00136092, 2.00146228, 2.0015646 ,\n",
       "        2.00166689, 2.00176804, 2.00186684, 2.00196201, 2.00205215,\n",
       "        2.00213581, 2.00221143, 2.0022774 , 2.00233206, 2.00237372,\n",
       "        2.00240064, 2.0024111 , 2.00240341, 2.00237591, 2.002327  ,\n",
       "        2.00225521, 2.00215918, 2.00203776, 2.00188998, 2.00171519,\n",
       "        2.00151305, 2.001338  , 2.00118792, 2.00106061, 2.00095358,\n",
       "        2.00086427, 2.00079051, 2.00073055, 2.00068294, 2.00064637,\n",
       "        2.00061961, 2.00060156, 2.00059133, 2.00058832, 2.00059229,\n",
       "        2.00060334, 2.00062196, 2.00064895, 2.00068543, 2.00073266,\n",
       "        2.00079204, 2.00086496, 2.00095293, 2.00105774, 2.00118165,\n",
       "        2.00132726, 2.00149702, 2.00169296, 2.00191694, 2.00211139,\n",
       "        2.00227668, 2.00241351, 2.00252284, 2.0026059 , 2.00266408,\n",
       "        2.0026989 , 2.00271202, 2.00270515, 2.00268004, 2.0026385 ,\n",
       "        2.00258232, 2.00251329, 2.00243317, 2.00234366, 2.00224644,\n",
       "        2.00214308, 2.00203509, 2.00192391, 2.00181086, 2.0016972 ,\n",
       "        2.00158405, 2.00147244, 2.00136326, 2.00125727, 2.00115507,\n",
       "        2.00105709, 2.00096363, 2.00087481, 2.00079069, 2.00071123,\n",
       "        2.00063639, 2.00056613, 2.00050042, 2.00043927, 2.00038271,\n",
       "        2.00033073, 2.00028332, 2.00024041, 2.00020188, 2.00016753,\n",
       "        2.00013711, 2.0001103 , 2.0000867 , 2.00006589, 2.00004736,\n",
       "        2.00003058, 2.00001499, 2.        ],\n",
       "       [2.        , 2.00001561, 2.00003185, 2.00004937, 2.00006878,\n",
       "        2.00009063, 2.00011546, 2.00014375, 2.00017592, 2.00021231,\n",
       "        2.00025323, 2.00029888, 2.00034944, 2.00040503, 2.00046574,\n",
       "        2.00053166, 2.00060289, 2.00067957, 2.00076188, 2.00084998,\n",
       "        2.00094401, 2.00104404, 2.00115001, 2.00126168, 2.00137867,\n",
       "        2.00150041, 2.00162618, 2.00175511, 2.00188623, 2.00201843,\n",
       "        2.00215048, 2.00228105, 2.00240865, 2.00253168, 2.00264843,\n",
       "        2.00275705, 2.00285559, 2.00294202, 2.00301423, 2.00307007,\n",
       "        2.00310734, 2.00312384, 2.00311739, 2.00308587, 2.0030272 ,\n",
       "        2.00293943, 2.00282075, 2.00266955, 2.00248449, 2.00226452,\n",
       "        2.00200901, 2.00178705, 2.00159608, 2.00143365, 2.00129711,\n",
       "        2.00118351, 2.00108991, 2.00101381, 2.00095323, 2.0009065 ,\n",
       "        2.00087219, 2.00084902, 2.00083595, 2.00083227, 2.0008377 ,\n",
       "        2.00085237, 2.00087685, 2.00091212, 2.00095945, 2.00102032,\n",
       "        2.00109633, 2.00118925, 2.00130115, 2.00143465, 2.00159276,\n",
       "        2.00177842, 2.00199413, 2.00224206, 2.00252439, 2.00276847,\n",
       "        2.00297499, 2.00314502, 2.00327999, 2.00338157, 2.00345162,\n",
       "        2.00349216, 2.00350531, 2.00349327, 2.0034583 , 2.00340268,\n",
       "        2.00332866, 2.00323852, 2.00313447, 2.00301866, 2.00289316,\n",
       "        2.00275996, 2.00262094, 2.00247784, 2.00233231, 2.00218585,\n",
       "        2.00203985, 2.00189558, 2.00175419, 2.0016167 , 2.00148396,\n",
       "        2.00135669, 2.0012354 , 2.00112043, 2.00101191, 2.00090985,\n",
       "        2.00081416, 2.00072467, 2.00064124, 2.00056376, 2.00049213,\n",
       "        2.00042626, 2.00036609, 2.0003115 , 2.00026233, 2.00021834,\n",
       "        2.00017921, 2.00014457, 2.00011395, 2.0000868 , 2.00006251,\n",
       "        2.00004043, 2.00001984, 2.        ],\n",
       "       [2.        , 2.00002004, 2.00004086, 2.00006322, 2.00008786,\n",
       "        2.00011546, 2.00014665, 2.00018198, 2.00022194, 2.00026695,\n",
       "        2.00031734, 2.00037338, 2.00043529, 2.00050328, 2.00057753,\n",
       "        2.00065827, 2.00074577, 2.00084034, 2.00094228, 2.00105184,\n",
       "        2.00116918, 2.00129426, 2.00142687, 2.00156659, 2.00171282,\n",
       "        2.00186481, 2.00202167, 2.00218238, 2.00234579, 2.0025106 ,\n",
       "        2.00267535, 2.00283842, 2.00299801, 2.00315215, 2.00329872,\n",
       "        2.00343546, 2.00355998, 2.0036698 , 2.00376235, 2.00383502,\n",
       "        2.00388515, 2.00391006, 2.00390707, 2.00387357, 2.00380696,\n",
       "        2.00370479, 2.0035647 , 2.00338458, 2.00316253, 2.00289702,\n",
       "        2.00258693, 2.00231666, 2.00208353, 2.00188467, 2.0017172 ,\n",
       "        2.00157798, 2.00146356, 2.0013707 , 2.0012967 , 2.00123945,\n",
       "        2.00119727, 2.00116876, 2.00115277, 2.00114856, 2.00115578,\n",
       "        2.0011746 , 2.00120566, 2.00125005, 2.00130913, 2.00138454,\n",
       "        2.00147811, 2.0015921 , 2.00172934, 2.0018932 , 2.00208718,\n",
       "        2.00231431, 2.00257718, 2.00287829, 2.0032198 , 2.0035135 ,\n",
       "        2.00376059, 2.0039627 , 2.00412181, 2.00424013, 2.00432007,\n",
       "        2.00436418, 2.0043751 , 2.00435552, 2.0043082 , 2.00423587,\n",
       "        2.0041413 , 2.00402718, 2.00389621, 2.00375099, 2.00359403,\n",
       "        2.00342778, 2.00325451, 2.00307638, 2.00289538, 2.00271333,\n",
       "        2.00253189, 2.00235255, 2.00217666, 2.00200542, 2.00183989,\n",
       "        2.00168102, 2.00152954, 2.00138602, 2.00125082, 2.00112404,\n",
       "        2.00100562, 2.00089534, 2.00079292, 2.00069807, 2.00061052,\n",
       "        2.00053005, 2.00045645, 2.00038954, 2.00032908, 2.00027477,\n",
       "        2.00022627, 2.00018311, 2.00014475, 2.00011055, 2.00007979,\n",
       "        2.00005169, 2.00002539, 2.        ],\n",
       "       [2.        , 2.00002516, 2.00005125, 2.00007915, 2.00010972,\n",
       "        2.00014375, 2.00018198, 2.00022503, 2.00027347, 2.00032775,\n",
       "        2.00038829, 2.00045541, 2.00052944, 2.00061071, 2.00069957,\n",
       "        2.00079646, 2.00090185, 2.00101619, 2.0011399 , 2.00127321,\n",
       "        2.00141618, 2.00156862, 2.00173014, 2.00190016, 2.00207797,\n",
       "        2.00226273, 2.00245344, 2.00264896, 2.00284794, 2.00304885,\n",
       "        2.0032499 , 2.00344911, 2.00364429, 2.00383305, 2.00401284,\n",
       "        2.00418098, 2.00433465, 2.00447095, 2.00458687, 2.00467934,\n",
       "        2.00474526, 2.00478146, 2.00478479, 2.00475208, 2.00468021,\n",
       "        2.00456613, 2.0044069 , 2.00419972, 2.00394206, 2.00363169,\n",
       "        2.00326682, 2.00294736, 2.00267108, 2.00243485, 2.00223536,\n",
       "        2.00206929, 2.00193299, 2.00182266, 2.00173487, 2.00166691,\n",
       "        2.00161674, 2.00158282, 2.00156398, 2.00155944, 2.00156887,\n",
       "        2.00159245, 2.00163085, 2.00168517, 2.00175684, 2.00184762,\n",
       "        2.00195973, 2.00209605, 2.00226018, 2.00245603, 2.00268719,\n",
       "        2.00295675, 2.00326761, 2.00362243, 2.00402273, 2.0043648 ,\n",
       "        2.00465059, 2.00488247, 2.00506309, 2.00519536, 2.00528229,\n",
       "        2.00532703, 2.00533277, 2.00530273, 2.00524013, 2.00514821,\n",
       "        2.00503015, 2.00488911, 2.00472818, 2.00455041, 2.00435875,\n",
       "        2.00415604, 2.00394502, 2.00372828, 2.00350822, 2.00328708,\n",
       "        2.00306685, 2.00284932, 2.00263608, 2.00242848, 2.00222773,\n",
       "        2.00203488, 2.00185083, 2.00167633, 2.00151193, 2.00135795,\n",
       "        2.00121445, 2.00108127, 2.00095805, 2.00084433, 2.00073963,\n",
       "        2.00064353, 2.00055563, 2.00047559, 2.00040307, 2.00033769,\n",
       "        2.00027903, 2.00022656, 2.00017965, 2.00013759, 2.00009954,\n",
       "        2.0000646 , 2.00003176, 2.        ],\n",
       "       [2.        , 2.00003107, 2.00006319, 2.0000974 , 2.00013468,\n",
       "        2.00017592, 2.00022194, 2.00027347, 2.00033111, 2.00039543,\n",
       "        2.0004669 , 2.00054597, 2.00063312, 2.00072888, 2.00083384,\n",
       "        2.00094867, 2.00107401, 2.00121044, 2.00135834, 2.00151783,\n",
       "        2.00168882, 2.00187098, 2.00206383, 2.00226676, 2.00247905,\n",
       "        2.00269977, 2.00292783, 2.00316186, 2.00340021, 2.003641  ,\n",
       "        2.00388206, 2.004121  , 2.00435524, 2.00458198, 2.00479831,\n",
       "        2.00500115, 2.0051873 , 2.00535345, 2.00549618, 2.00561199,\n",
       "        2.00569731, 2.0057485 , 2.00576189, 2.00573375, 2.00566037,\n",
       "        2.00553806, 2.00536316, 2.00513215, 2.00484165, 2.00448856,\n",
       "        2.00407015, 2.00370189, 2.00338217, 2.00310813, 2.00287612,\n",
       "        2.00268247, 2.00252343, 2.00239498, 2.00229314, 2.00221449,\n",
       "        2.0021565 , 2.00211738, 2.00209595, 2.00209145, 2.00210359,\n",
       "        2.00213255, 2.00217898, 2.00224393, 2.00232886, 2.00243577,\n",
       "        2.0025674 , 2.00272736, 2.00291981, 2.00314875, 2.00341773,\n",
       "        2.00373009, 2.00408898, 2.00449656, 2.00495358, 2.00534115,\n",
       "        2.00566221, 2.00592007, 2.00611823, 2.00626038, 2.00635024,\n",
       "        2.0063916 , 2.00638825, 2.00634396, 2.00626246, 2.00614745,\n",
       "        2.00600256, 2.00583136, 2.00563735, 2.00542395, 2.00519448,\n",
       "        2.00495219, 2.00470017, 2.00444142, 2.00417875, 2.00391482,\n",
       "        2.00365205, 2.00339263, 2.00313848, 2.00289122, 2.00265225,\n",
       "        2.0024227 , 2.00220352, 2.00199554, 2.00179941, 2.00161562,\n",
       "        2.00144443, 2.00128581, 2.00113946, 2.00100484, 2.00088131,\n",
       "        2.00076818, 2.00066481, 2.00057064, 2.00048515, 2.00040783,\n",
       "        2.00033814, 2.00027548, 2.00021915, 2.00016832, 2.00012207,\n",
       "        2.00007936, 2.00003907, 2.        ],\n",
       "       [2.        , 2.00003783, 2.00007685, 2.00011822, 2.00016304,\n",
       "        2.00021231, 2.00026695, 2.00032775, 2.00039543, 2.00047063,\n",
       "        2.00055397, 2.00064607, 2.00074765, 2.0008595 , 2.00098249,\n",
       "        2.00111747, 2.0012652 , 2.00142622, 2.0016008 , 2.00178892,\n",
       "        2.0019904 , 2.00220491, 2.00243201, 2.00267113, 2.00292148,\n",
       "        2.003182  , 2.0034513 , 2.00372769, 2.00400915, 2.00429342,\n",
       "        2.00457797, 2.00486007, 2.00513679, 2.00540503, 2.0056615 ,\n",
       "        2.00590278, 2.00612528, 2.00632529, 2.00649899, 2.00664242,\n",
       "        2.00675155, 2.00682226, 2.00685034, 2.00683151, 2.00676142,\n",
       "        2.00663569, 2.00644991, 2.00619969, 2.00588069, 2.00548872,\n",
       "        2.00501986, 2.00460502, 2.00424299, 2.00393159, 2.00366736,\n",
       "        2.00344622, 2.00326422, 2.00311733, 2.00300133, 2.00291225,\n",
       "        2.00284693, 2.0028032 , 2.00277975, 2.00277586, 2.0027913 ,\n",
       "        2.00282623, 2.00288122, 2.00295727, 2.00305595, 2.00317964,\n",
       "        2.00333174, 2.00351643, 2.00373796, 2.0040002 , 2.0043068 ,\n",
       "        2.00466133, 2.0050666 , 2.00552393, 2.00603361, 2.00646196,\n",
       "        2.00681321, 2.00709177, 2.00730216, 2.00744892, 2.00753656,\n",
       "        2.00756955, 2.00755229, 2.00748911, 2.00738425, 2.00724187,\n",
       "        2.00706605, 2.00686078, 2.00662997, 2.0063774 , 2.00610676,\n",
       "        2.00582164, 2.00552547, 2.00522156, 2.00491307, 2.00460299,\n",
       "        2.00429414, 2.00398909, 2.00369017, 2.00339942, 2.00311854,\n",
       "        2.00284889, 2.00259153, 2.00234729, 2.0021168 , 2.00190059,\n",
       "        2.00169902, 2.00151224, 2.00134009, 2.00118211, 2.00103757,\n",
       "        2.00090558, 2.00078523, 2.00067566, 2.00057609, 2.00048582,\n",
       "        2.00040416, 2.00033037, 2.00026365, 2.00020309, 2.00014765,\n",
       "        2.00009617, 2.0000474 , 2.        ],\n",
       "       [2.        , 2.00004552, 2.00009235, 2.00014179, 2.00019505,\n",
       "        2.00025323, 2.00031734, 2.00038829, 2.0004669 , 2.00055397,\n",
       "        2.00065031, 2.00075682, 2.00087451, 2.00100445, 2.00114775,\n",
       "        2.00130538, 2.00147806, 2.00166619, 2.00186994, 2.00208928,\n",
       "        2.00232408, 2.00257415, 2.00283909, 2.00311827, 2.00341065,\n",
       "        2.00371488, 2.0040292 , 2.00435158, 2.00467971, 2.005011  ,\n",
       "        2.00534268, 2.00567171, 2.00599486, 2.00630867, 2.00660951,\n",
       "        2.00689355, 2.00715682, 2.00739521, 2.00760448, 2.00778027,\n",
       "        2.00791811, 2.00801342, 2.00806149, 2.00805749, 2.00799647,\n",
       "        2.00787334, 2.00768289, 2.00741979, 2.0070786 , 2.00665387,\n",
       "        2.00614018, 2.00568324, 2.00528226, 2.00493559, 2.00464049,\n",
       "        2.00439301, 2.00418885, 2.0040239 , 2.00389403, 2.00379504,\n",
       "        2.00372322, 2.00367585, 2.00365133, 2.00364889, 2.00366829,\n",
       "        2.00370968, 2.00377355, 2.00386091, 2.00397362, 2.00411464,\n",
       "        2.00428788, 2.00449764, 2.00474795, 2.00504258, 2.00538537,\n",
       "        2.00577961, 2.0062272 , 2.00672883, 2.00728439, 2.00774642,\n",
       "        2.00812071, 2.00841296, 2.0086288 , 2.00877371, 2.008853  ,\n",
       "        2.00887183, 2.00883518, 2.00874791, 2.00861475, 2.00844028,\n",
       "        2.008229  , 2.00798528, 2.0077134 , 2.00741753, 2.00710173,\n",
       "        2.00676993, 2.00642594, 2.00607337, 2.00571571, 2.00535622,\n",
       "        2.00499799, 2.00464391, 2.00429664, 2.00395859, 2.00363185,\n",
       "        2.00331817, 2.00301892, 2.00273504, 2.00246719, 2.0022158 ,\n",
       "        2.00198118, 2.0017635 , 2.00156278, 2.00137868, 2.00121056,\n",
       "        2.00105744, 2.00091818, 2.00079161, 2.00067664, 2.00057226,\n",
       "        2.00047756, 2.00039161, 2.0003135 , 2.00024217, 2.00017648,\n",
       "        2.00011516, 2.00005682, 2.        ],\n",
       "       [2.        , 2.00005418, 2.0001098 , 2.00016826, 2.00023088,\n",
       "        2.00029888, 2.00037338, 2.00045541, 2.00054597, 2.00064607,\n",
       "        2.00075682, 2.00087944, 2.00101527, 2.00116564, 2.00133178,\n",
       "        2.00151462, 2.00171476, 2.00193253, 2.00216813, 2.00242169,\n",
       "        2.00269327, 2.00298272, 2.00328951, 2.0036127 , 2.00395096,\n",
       "        2.00430258, 2.00466556, 2.00503763, 2.00541625, 2.0057986 ,\n",
       "        2.00618159, 2.00656184, 2.00693575, 2.00729947, 2.00764897,\n",
       "        2.00798008, 2.00828847, 2.00856969, 2.00881915, 2.00903217,\n",
       "        2.00920391, 2.00932938, 2.00940345, 2.00942077, 2.00937581,\n",
       "        2.00926281, 2.00907572, 2.00880825, 2.00845379, 2.00800546,\n",
       "        2.00745612, 2.00696441, 2.00653046, 2.00615307, 2.00583026,\n",
       "        2.00555882, 2.00533452, 2.00515303, 2.00501032, 2.00490233,\n",
       "        2.00482512, 2.00477544, 2.00475117, 2.00475125, 2.00477534,\n",
       "        2.00482353, 2.00489633, 2.00499501, 2.0051219 , 2.00528048,\n",
       "        2.00547481, 2.00570883, 2.0059863 , 2.00631103, 2.00668663,\n",
       "        2.00711542, 2.00759841, 2.00813588, 2.00872686, 2.00921236,\n",
       "        2.00959989, 2.00989662, 2.01010931, 2.0102444 , 2.01030798,\n",
       "        2.01030589, 2.01024366, 2.01012663, 2.00995993, 2.00974854,\n",
       "        2.00949726, 2.00921079, 2.00889371, 2.00855048, 2.00818549,\n",
       "        2.00780299, 2.00740714, 2.00700194, 2.00659121, 2.00617856,\n",
       "        2.0057674 , 2.00536086, 2.00496184, 2.00457299, 2.0041967 ,\n",
       "        2.00383509, 2.0034899 , 2.00316246, 2.00285362, 2.00256384,\n",
       "        2.00229329, 2.00204201, 2.00180996, 2.00159695, 2.00140245,\n",
       "        2.00122558, 2.0010651 , 2.00091957, 2.00078756, 2.0006677 ,\n",
       "        2.00055874, 2.00045954, 2.00036894, 2.00028576, 2.00020873,\n",
       "        2.00013645, 2.0000674 , 2.        ],\n",
       "       [2.        , 2.00006386, 2.00012927, 2.00019773, 2.00027067,\n",
       "        2.00034944, 2.00043529, 2.00052944, 2.00063312, 2.00074765,\n",
       "        2.00087451, 2.00101527, 2.00117156, 2.00134487, 2.00153639,\n",
       "        2.00174694, 2.00197707, 2.00222721, 2.00249781, 2.00278922,\n",
       "        2.00310151, 2.00343434, 2.00378685, 2.00415779, 2.00454558,\n",
       "        2.00494835, 2.00536393, 2.00578985, 2.00622327, 2.00666098,\n",
       "        2.00709951, 2.00753507, 2.00796367, 2.00838114, 2.00878317,\n",
       "        2.00916529, 2.00952296, 2.00985145, 2.01014596, 2.01040151,\n",
       "        2.01061295, 2.01077497, 2.01088203, 2.01092833, 2.01090781,\n",
       "        2.01081406, 2.0106403 , 2.01037928, 2.01002325, 2.00956385,\n",
       "        2.00899209, 2.00847672, 2.00801891, 2.00761831, 2.0072735 ,\n",
       "        2.00698226, 2.00674115, 2.00654591, 2.00639245, 2.00627701,\n",
       "        2.00619582, 2.00614535, 2.00612287, 2.00612673, 2.00615625,\n",
       "        2.00621145, 2.0062931 , 2.00640297, 2.00654397, 2.00671972,\n",
       "        2.00693391, 2.00718999, 2.00749154, 2.00784214, 2.00824435,\n",
       "        2.00869936, 2.00920761, 2.0097686 , 2.01038046, 2.01087589,\n",
       "        2.0112642 , 2.01155395, 2.01175304, 2.01186877, 2.01190796,\n",
       "        2.01187703, 2.01178202, 2.0116287 , 2.01142257, 2.01116891,\n",
       "        2.01087282, 2.01053923, 2.01017295, 2.00977865, 2.00936092,\n",
       "        2.00892424, 2.008473  , 2.00801148, 2.00754385, 2.00707412,\n",
       "        2.00660605, 2.00614318, 2.00568871, 2.00524553, 2.00481624,\n",
       "        2.00440313, 2.00400822, 2.00363319, 2.00327933, 2.00294736,\n",
       "        2.00263751, 2.00234967, 2.00208357, 2.00183891, 2.00161526,\n",
       "        2.00141185, 2.00122752, 2.00106071, 2.00090969, 2.0007727 ,\n",
       "        2.00064811, 2.00053441, 2.00043018, 2.00033403, 2.00024452,\n",
       "        2.00016011, 2.00007917, 2.        ],\n",
       "       [2.        , 2.00007457, 2.00015079, 2.00023025, 2.0003145 ,\n",
       "        2.00040503, 2.00050328, 2.00061071, 2.00072888, 2.0008595 ,\n",
       "        2.00100445, 2.00116564, 2.00134487, 2.00154362, 2.00176297,\n",
       "        2.00200373, 2.00226661, 2.00255235, 2.00286165, 2.00319485,\n",
       "        2.00355177, 2.0039317 , 2.00433355, 2.00475594, 2.00519719,\n",
       "        2.0056553 , 2.0061278 , 2.00661181, 2.00710406, 2.00760092,\n",
       "        2.00809855, 2.00859285, 2.00907961, 2.00955444, 2.01001287,\n",
       "        2.01045024, 2.01086181, 2.01124268, 2.01158778, 2.01189191,\n",
       "        2.01214966, 2.01235541, 2.01250329, 2.01258714, 2.01260047,\n",
       "        2.01253636, 2.01238739, 2.01214554, 2.01180204, 2.01134724,\n",
       "        2.0107704 , 2.01024678, 2.00977796, 2.00936479, 2.00900668,\n",
       "        2.00870223, 2.00844923, 2.00824424, 2.00808333, 2.00796285,\n",
       "        2.00787947, 2.00782976, 2.00781052, 2.00781935, 2.007855  ,\n",
       "        2.00791743, 2.00800787, 2.00812876, 2.00828333, 2.00847485,\n",
       "        2.00870633, 2.00898083, 2.0093016 , 2.00967113, 2.01009054,\n",
       "        2.0105602 , 2.01107978, 2.01164772, 2.01226204, 2.01275094,\n",
       "        2.01312535, 2.01339502, 2.01356874, 2.01365451, 2.01365971,\n",
       "        2.01359122, 2.01345547, 2.01325855, 2.01300628, 2.01270422,\n",
       "        2.01235769, 2.01197189, 2.01155179, 2.01110228, 2.01062809,\n",
       "        2.01013385, 2.00962407, 2.0091032 , 2.00857558, 2.00804545,\n",
       "        2.00751691, 2.00699388, 2.00648001, 2.00597861, 2.00549259,\n",
       "        2.00502446, 2.00457636, 2.00415013, 2.00374734, 2.00336914,\n",
       "        2.00301612, 2.00268826, 2.00238512, 2.00210609, 2.00185058,\n",
       "        2.00161788, 2.00140695, 2.00121627, 2.00104395, 2.0008879 ,\n",
       "        2.00074605, 2.00061647, 2.00049737, 2.00038707, 2.00028391,\n",
       "        2.00018619, 2.00009217, 2.        ],\n",
       "       [2.        , 2.00008632, 2.00017436, 2.00026583, 2.0003624 ,\n",
       "        2.00046574, 2.00057753, 2.00069957, 2.00083384, 2.00098249,\n",
       "        2.00114775, 2.00133178, 2.00153639, 2.00176297, 2.00201261,\n",
       "        2.00228632, 2.00258517, 2.0029102 , 2.00326208, 2.00364084,\n",
       "        2.00404594, 2.00447653, 2.0049315 , 2.00540944, 2.00590844,\n",
       "        2.00642607, 2.00695939, 2.00750508, 2.00805948, 2.00861872,\n",
       "        2.00917873, 2.0097353 , 2.01028403, 2.0108204 , 2.01133971,\n",
       "        2.01183717, 2.01230781, 2.01274654, 2.01314813, 2.01350717,\n",
       "        2.01381806, 2.01407498, 2.01427186, 2.01440229, 2.0144595 ,\n",
       "        2.01443622, 2.01432464, 2.01411622, 2.0138015 , 2.01336988,\n",
       "        2.01280931, 2.01229679, 2.01183389, 2.01142218, 2.01106239,\n",
       "        2.01075405, 2.01049608, 2.01028656, 2.01012239, 2.01000017,\n",
       "        2.00991683, 2.00986933, 2.00985438, 2.009869  , 2.00991135,\n",
       "        2.00998137, 2.01008075, 2.01021237, 2.01037923, 2.01058392,\n",
       "        2.01082886, 2.01111666, 2.01144944, 2.01182795, 2.01225213,\n",
       "        2.01272148, 2.01323451, 2.01378922, 2.01438397, 2.01484736,\n",
       "        2.01519141, 2.01542661, 2.01556229, 2.01560687, 2.01556804,\n",
       "        2.01545294, 2.01526825, 2.01502027, 2.014715  , 2.01435817,\n",
       "        2.0139553 , 2.01351174, 2.01303266, 2.0125231 , 2.01198798,\n",
       "        2.01143208, 2.01086009, 2.01027656, 2.00968595, 2.00909259,\n",
       "        2.00850072, 2.00791446, 2.00733776, 2.00677436, 2.00622768,\n",
       "        2.00570066, 2.00519576, 2.00471491, 2.00425973, 2.00383156,\n",
       "        2.0034314 , 2.00305966, 2.00271601, 2.00239964, 2.0021096 ,\n",
       "        2.00184497, 2.00160472, 2.00138747, 2.00119132, 2.00101399,\n",
       "        2.000853  , 2.00070596, 2.00057062, 2.00044492, 2.00032692,\n",
       "        2.0002147 , 2.00010638, 2.        ],\n",
       "       [2.        , 2.00009909, 2.00019997, 2.00030447, 2.0004144 ,\n",
       "        2.00053166, 2.00065827, 2.00079646, 2.00094867, 2.00111747,\n",
       "        2.00130538, 2.00151462, 2.00174694, 2.00200373, 2.00228632,\n",
       "        2.00259612, 2.00293456, 2.00330266, 2.00370072, 2.00412843,\n",
       "        2.00458522, 2.00507033, 2.00558262, 2.00612029, 2.0066809 ,\n",
       "        2.00726154, 2.00785888, 2.00846935, 2.00908914, 2.00971423,\n",
       "        2.0103404 , 2.01096322, 2.01157809, 2.01218029, 2.01276495,\n",
       "        2.01332711, 2.01386171, 2.01436354, 2.01482729, 2.01524745,\n",
       "        2.01561834, 2.01593403, 2.01618835, 2.01637477, 2.0164864 ,\n",
       "        2.01651585, 2.01645517, 2.01629564, 2.01602758, 2.01564006,\n",
       "        2.01512046, 2.01464145, 2.01420471, 2.01381182, 2.01346464,\n",
       "        2.01316413, 2.01291035, 2.0127029 , 2.01254038, 2.01242018,\n",
       "        2.01233945, 2.01229542, 2.01228518, 2.01230578, 2.01235521,\n",
       "        2.01243338, 2.01254205, 2.01268375, 2.01286076, 2.01307502,\n",
       "        2.01332845, 2.01362257, 2.01395753, 2.01433248, 2.01474631,\n",
       "        2.01519724, 2.01568296, 2.0162018 , 2.01675224, 2.01716935,\n",
       "        2.01746535, 2.01765082, 2.01773514, 2.01772677, 2.01763347,\n",
       "        2.01746243, 2.01722042, 2.01691381, 2.01654869, 2.0161309 ,\n",
       "        2.01566602, 2.01515949, 2.01461656, 2.01404236, 2.0134419 ,\n",
       "        2.01282011, 2.01218182, 2.01153175, 2.01087454, 2.01021469,\n",
       "        2.00955655, 2.00890432, 2.00826207, 2.0076337 , 2.00702294,\n",
       "        2.00643323, 2.00586759, 2.00532842, 2.00481748, 2.00433603,\n",
       "        2.00388517, 2.00346569, 2.00307774, 2.00272062, 2.00239314,\n",
       "        2.00209397, 2.00182184, 2.00157538, 2.00135278, 2.00115172,\n",
       "        2.00096947, 2.00080316, 2.00065006, 2.00050762, 2.00037353,\n",
       "        2.00024562, 2.00012179, 2.        ],\n",
       "       [2.        , 2.00011285, 2.00022758, 2.00034611, 2.00047048,\n",
       "        2.00060289, 2.00074577, 2.00090185, 2.00107401, 2.0012652 ,\n",
       "        2.00147806, 2.00171476, 2.00197707, 2.00226661, 2.00258517,\n",
       "        2.00293456, 2.00331623, 2.00373081, 2.00417828, 2.0046584 ,\n",
       "        2.00517078, 2.00571458, 2.00628812, 2.00688898, 2.00751431,\n",
       "        2.00816095, 2.00882545, 2.00950409, 2.01019286, 2.01088746,\n",
       "        2.01158342, 2.01227608, 2.01296069, 2.01363243, 2.01428639,\n",
       "        2.01491759, 2.01552094, 2.01609121, 2.01662305, 2.01711091,\n",
       "        2.01754904, 2.01793148, 2.01825202, 2.01850412, 2.01868093,\n",
       "        2.01877516, 2.01877899, 2.01868394, 2.01848068, 2.0181587 ,\n",
       "        2.01770595, 2.01728457, 2.01689587, 2.01654148, 2.01622351,\n",
       "        2.01594442, 2.01570584, 2.01550871, 2.01535345, 2.01523911,\n",
       "        2.01516345, 2.01512395, 2.01511831, 2.01514449, 2.01520111,\n",
       "        2.015288  , 2.01540609, 2.01555666, 2.01574099, 2.01596047,\n",
       "        2.01621606, 2.01650731, 2.01683242, 2.01718933, 2.01757554,\n",
       "        2.01798808, 2.01842477, 2.01888417, 2.01936541, 2.01971565,\n",
       "        2.0199462 , 2.02006694, 2.02008677, 2.02001378, 2.01985552,\n",
       "        2.01961903, 2.01931102, 2.01893786, 2.01850565, 2.01802028,\n",
       "        2.01748739, 2.01691248, 2.01630084, 2.01565764, 2.0149879 ,\n",
       "        2.01429656, 2.01358846, 2.01286841, 2.01214113, 2.01141131,\n",
       "        2.01068353, 2.00996219, 2.00925155, 2.00855559, 2.00787813,\n",
       "        2.00722276, 2.00659287, 2.00599151, 2.00542105, 2.00488298,\n",
       "        2.00437826, 2.00390765, 2.00347168, 2.00307015, 2.00270196,\n",
       "        2.00236545, 2.00205893, 2.00178075, 2.00152915, 2.00130183,\n",
       "        2.00109598, 2.00090839, 2.00073581, 2.00057518, 2.00042371,\n",
       "        2.00027889, 2.00013838, 2.        ],\n",
       "       [2.        , 2.00012757, 2.00025711, 2.00039072, 2.00053067,\n",
       "        2.00067957, 2.00084034, 2.00101619, 2.00121044, 2.00142622,\n",
       "        2.00166619, 2.00193253, 2.00222721, 2.00255235, 2.0029102 ,\n",
       "        2.00330266, 2.00373081, 2.00419496, 2.00469521, 2.00523159,\n",
       "        2.00580359, 2.00640968, 2.00704751, 2.00771439, 2.00840743,\n",
       "        2.00912333, 2.00985838, 2.01060851, 2.01136939, 2.01213647,\n",
       "        2.01290514, 2.01367073, 2.01442849, 2.01517365, 2.01590132,\n",
       "        2.0166065 , 2.01728407, 2.01792874, 2.0185351 , 2.01909754,\n",
       "        2.0196103 , 2.02006743, 2.02046273, 2.02078982, 2.021042  ,\n",
       "        2.02121229, 2.02129328, 2.02127712, 2.02115533, 2.02091864,\n",
       "        2.02055669, 2.02021623, 2.01989727, 2.01960133, 2.01933052,\n",
       "        2.01908791, 2.01887684, 2.01869977, 2.01855849, 2.01845398,\n",
       "        2.01838555, 2.01835146, 2.01835032, 2.01838161, 2.01844518,\n",
       "        2.01854069, 2.01866746, 2.01882493, 2.0190132 , 2.01923255,\n",
       "        2.01948207, 2.01975925, 2.02006101, 2.02038401, 2.02072437,\n",
       "        2.02107896, 2.02144594, 2.02182419, 2.0222143 , 2.02247951,\n",
       "        2.02262914, 2.0226717 , 2.0226151 , 2.02246678, 2.02223379,\n",
       "        2.02192289, 2.02154057, 2.02109308, 2.02058649, 2.02002666,\n",
       "        2.0194193 , 2.01876995, 2.01808399, 2.01736666, 2.01662305,\n",
       "        2.01585812, 2.01507671, 2.01428358, 2.0134834 , 2.01268082,\n",
       "        2.01188048, 2.01108698, 2.01030483, 2.00953832, 2.00879148,\n",
       "        2.00806802, 2.00737132, 2.00670461, 2.00607092, 2.00547253,\n",
       "        2.00491068, 2.00438592, 2.00389869, 2.00344918, 2.00303677,\n",
       "        2.00265985, 2.0023163 , 2.002004  , 2.00172096, 2.00146492,\n",
       "        2.00123306, 2.00102199, 2.00082806, 2.00064764, 2.00047743,\n",
       "        2.00031445, 2.0001561 , 2.        ],\n",
       "       [2.        , 2.0001432 , 2.00028851, 2.00043824, 2.00059502,\n",
       "        2.00076188, 2.00094228, 2.0011399 , 2.00135834, 2.0016008 ,\n",
       "        2.00186994, 2.00216813, 2.00249781, 2.00286165, 2.00326208,\n",
       "        2.00370072, 2.00417828, 2.00469521, 2.00525195, 2.0058484 ,\n",
       "        2.00648328, 2.00715436, 2.00785919, 2.00859519, 2.0093592 ,\n",
       "        2.01014745, 2.01095583, 2.01178   , 2.01261547, 2.01345775,\n",
       "        2.0143023 , 2.01514448, 2.01597959, 2.0168028 , 2.01760914,\n",
       "        2.01839356, 2.01915085, 2.01987569, 2.02056264, 2.02120611,\n",
       "        2.02180036, 2.02233951, 2.02281752, 2.02322817, 2.02356507,\n",
       "        2.02382164, 2.02399107, 2.02406635, 2.02404019, 2.02390504,\n",
       "        2.02365307, 2.02341271, 2.02318271, 2.02296358, 2.02275747,\n",
       "        2.02256731, 2.02239715, 2.02225103, 2.02213195, 2.02204228,\n",
       "        2.02198355, 2.02195617, 2.02196034, 2.02199696, 2.02206686,\n",
       "        2.02216939, 2.02230239, 2.02246357, 2.02265122, 2.02286325,\n",
       "        2.02309642, 2.02334693, 2.02361081, 2.02388347, 2.02416081,\n",
       "        2.02444023, 2.02472007, 2.02500038, 2.02528295, 2.02544887,\n",
       "        2.02550491, 2.02545784, 2.02531437, 2.02508111, 2.02476453,\n",
       "        2.024371  , 2.02390672, 2.02337776, 2.02279008, 2.02214949,\n",
       "        2.02146165, 2.02073211, 2.0199663 , 2.01916951, 2.01834692,\n",
       "        2.01750358, 2.01664444, 2.01577432, 2.01489789, 2.01401975,\n",
       "        2.01314443, 2.01227642, 2.01142024, 2.01058039, 2.00976121,\n",
       "        2.00896686, 2.00820098, 2.00746667, 2.00676694, 2.00610474,\n",
       "        2.0054822 , 2.00490016, 2.0043588 , 2.00385821, 2.00339819,\n",
       "        2.00297755, 2.0025941 , 2.00224524, 2.00192848, 2.00164138,\n",
       "        2.00138113, 2.00114431, 2.00092698, 2.00072505, 2.00053463,\n",
       "        2.00035225, 2.00017492, 2.        ],\n",
       "       [2.        , 2.00015971, 2.00032173, 2.00048868, 2.00066357,\n",
       "        2.00084998, 2.00105184, 2.00127321, 2.00151783, 2.00178892,\n",
       "        2.00208928, 2.00242169, 2.00278922, 2.00319485, 2.00364084,\n",
       "        2.00412843, 2.0046584 , 2.00523159, 2.0058484 , 2.00650793,\n",
       "        2.00720814, 2.00794683, 2.00872178, 2.00952999, 2.01036757,\n",
